TESTING TRIGA CORE
21  1 -6.51 -21 7 -8 imp:n=1
22  2 0.0871115 -22 21 7 -8  imp:n=1
23  3 -8 -23 22 7 -8  imp:n=1
24  4 -1.7 -24 8 -2    25  4 -1.7 -25 1 -8    26  1 -6.51 -26 7 -8 imp:n=1
27  2 0.0871115 -27 26 7 -8  imp:n=1
28  3 -8 -28 27 7 -8  imp:n=1
29  4 -1.7 -29 8 -2    30  4 -1.7 -30 1 -8    31  1 -6.51 -31 7 -8 imp:n=1
32  2 0.0871115 -32 31 7 -8  imp:n=1
33  3 -8 -33 32 7 -8  imp:n=1
34  4 -1.7 -34 8 -2    35  4 -1.7 -35 1 -8    36  1 -6.51 -36 7 -8 imp:n=1
37  2 0.0871115 -37 36 7 -8  imp:n=1
38  3 -8 -38 37 7 -8  imp:n=1
39  4 -1.7 -39 8 -2    40  4 -1.7 -40 1 -8    41  1 -6.51 -41 7 -8 imp:n=1
42  2 0.0871115 -42 41 7 -8  imp:n=1
43  3 -8 -43 42 7 -8  imp:n=1
44  4 -1.7 -44 8 -2    45  4 -1.7 -45 1 -8    46  1 -6.51 -46 7 -8 imp:n=1
47  2 0.0871115 -47 46 7 -8  imp:n=1
48  3 -8 -48 47 7 -8  imp:n=1
49  4 -1.7 -49 8 -2    50  4 -1.7 -50 1 -8    51  1 -6.51 -51 7 -8 imp:n=1
52  2 0.0871115 -52 51 7 -8  imp:n=1
53  3 -8 -53 52 7 -8  imp:n=1
54  4 -1.7 -54 8 -2    55  4 -1.7 -55 1 -8    56  1 -6.51 -56 7 -8 imp:n=1
57  2 0.0871115 -57 56 7 -8  imp:n=1
58  3 -8 -58 57 7 -8  imp:n=1
59  4 -1.7 -59 8 -2    60  4 -1.7 -60 1 -8    61  1 -6.51 -61 7 -8 imp:n=1
62  2 0.0871115 -62 61 7 -8  imp:n=1
63  3 -8 -63 62 7 -8  imp:n=1
64  4 -1.7 -64 8 -2    65  4 -1.7 -65 1 -8    66  1 -6.51 -66 7 -8 imp:n=1
67  2 0.0871115 -67 66 7 -8  imp:n=1
68  3 -8 -68 67 7 -8  imp:n=1
69  4 -1.7 -69 8 -2    70  4 -1.7 -70 1 -8    71  1 -6.51 -71 7 -8 imp:n=1
72  2 0.0871115 -72 71 7 -8  imp:n=1
73  3 -8 -73 72 7 -8  imp:n=1
74  4 -1.7 -74 8 -2    75  4 -1.7 -75 1 -8    76  1 -6.51 -76 7 -8 imp:n=1
77  2 0.0871115 -77 76 7 -8  imp:n=1
78  3 -8 -78 77 7 -8  imp:n=1
79  4 -1.7 -79 8 -2    80  4 -1.7 -80 1 -8    81  1 -6.51 -81 7 -8 imp:n=1
82  2 0.0871115 -82 81 7 -8  imp:n=1
83  3 -8 -83 82 7 -8  imp:n=1
84  4 -1.7 -84 8 -2    85  4 -1.7 -85 1 -8    86  1 -6.51 -86 7 -8 imp:n=1
87  2 0.0871115 -87 86 7 -8  imp:n=1
88  3 -8 -88 87 7 -8  imp:n=1
89  4 -1.7 -89 8 -2    90  4 -1.7 -90 1 -8    91  1 -6.51 -91 7 -8 imp:n=1
92  2 0.0871115 -92 91 7 -8  imp:n=1
93  3 -8 -93 92 7 -8  imp:n=1
94  4 -1.7 -94 8 -2    95  4 -1.7 -95 1 -8    96  1 -6.51 -96 7 -8 imp:n=1
97  2 0.0871115 -97 96 7 -8  imp:n=1
98  3 -8 -98 97 7 -8  imp:n=1
99  4 -1.7 -99 8 -2   100  4 -1.7 -100 1 -8   101  1 -6.51 -101 7 -8 imp:n=1
02  2 0.0871115 -102 101 7 -8  imp:n=1
03  3 -8 -103 102 7 -8  imp:n=1
04  4 -1.7 -104 8 -2   105  4 -1.7 -105 1 -8   106  1 -6.51 -106 7 -8 imp:n=1
07  2 0.0871115 -107 106 7 -8  imp:n=1
08  3 -8 -108 107 7 -8  imp:n=1
09  4 -1.7 -109 8 -2   110  4 -1.7 -110 1 -8   111  1 -6.51 -111 7 -8 imp:n=1
12  2 0.0871115 -112 111 7 -8  imp:n=1
13  3 -8 -113 112 7 -8  imp:n=1
14  4 -1.7 -114 8 -2   115  4 -1.7 -115 1 -8   116  1 -6.51 -116 7 -8 imp:n=1
17  2 0.0871115 -117 116 7 -8  imp:n=1
18  3 -8 -118 117 7 -8  imp:n=1
19  4 -1.7 -119 8 -2   120  4 -1.7 -120 1 -8   121  1 -6.51 -121 7 -8 imp:n=1
22  2 0.0871115 -122 121 7 -8  imp:n=1
23  3 -8 -123 122 7 -8  imp:n=1
24  4 -1.7 -124 8 -2   125  4 -1.7 -125 1 -8   126  1 -6.51 -126 7 -8 imp:n=1
27  2 0.0871115 -127 126 7 -8  imp:n=1
28  3 -8 -128 127 7 -8  imp:n=1
29  4 -1.7 -129 8 -2   130  4 -1.7 -130 1 -8   131  1 -6.51 -131 7 -8 imp:n=1
32  2 0.0871115 -132 131 7 -8  imp:n=1
33  3 -8 -133 132 7 -8  imp:n=1
34  4 -1.7 -134 8 -2   135  4 -1.7 -135 1 -8   136  1 -6.51 -136 7 -8 imp:n=1
37  2 0.0871115 -137 136 7 -8  imp:n=1
38  3 -8 -138 137 7 -8  imp:n=1
39  4 -1.7 -139 8 -2   140  4 -1.7 -140 1 -8   141  1 -6.51 -141 7 -8 imp:n=1
42  2 0.0871115 -142 141 7 -8  imp:n=1
43  3 -8 -143 142 7 -8  imp:n=1
44  4 -1.7 -144 8 -2   145  4 -1.7 -145 1 -8   146  1 -6.51 -146 7 -8 imp:n=1
47  2 0.0871115 -147 146 7 -8  imp:n=1
48  3 -8 -148 147 7 -8  imp:n=1
49  4 -1.7 -149 8 -2   150  4 -1.7 -150 1 -8   151  1 -6.51 -151 7 -8 imp:n=1
52  2 0.0871115 -152 151 7 -8  imp:n=1
53  3 -8 -153 152 7 -8  imp:n=1
54  4 -1.7 -154 8 -2   155  4 -1.7 -155 1 -8   156  1 -6.51 -156 7 -8 imp:n=1
57  2 0.0871115 -157 156 7 -8  imp:n=1
58  3 -8 -158 157 7 -8  imp:n=1
59  4 -1.7 -159 8 -2   160  4 -1.7 -160 1 -8   161  1 -6.51 -161 7 -8 imp:n=1
62  2 0.0871115 -162 161 7 -8  imp:n=1
63  3 -8 -163 162 7 -8  imp:n=1
64  4 -1.7 -164 8 -2   165  4 -1.7 -165 1 -8   166  1 -6.51 -166 7 -8 imp:n=1
67  2 0.0871115 -167 166 7 -8  imp:n=1
68  3 -8 -168 167 7 -8  imp:n=1
69  4 -1.7 -169 8 -2   170  4 -1.7 -170 1 -8   171  1 -6.51 -171 7 -8 imp:n=1
72  2 0.0871115 -172 171 7 -8  imp:n=1
73  3 -8 -173 172 7 -8  imp:n=1
74  4 -1.7 -174 8 -2   175  4 -1.7 -175 1 -8   176  1 -6.51 -176 7 -8 imp:n=1
77  2 0.0871115 -177 176 7 -8  imp:n=1
78  3 -8 -178 177 7 -8  imp:n=1
79  4 -1.7 -179 8 -2   180  4 -1.7 -180 1 -8   181  1 -6.51 -181 7 -8 imp:n=1
82  2 0.0871115 -182 181 7 -8  imp:n=1
83  3 -8 -183 182 7 -8  imp:n=1
84  4 -1.7 -184 8 -2   185  4 -1.7 -185 1 -8   186  1 -6.51 -186 7 -8 imp:n=1
87  2 0.0871115 -187 186 7 -8  imp:n=1
88  3 -8 -188 187 7 -8  imp:n=1
89  4 -1.7 -189 8 -2   190  4 -1.7 -190 1 -8   191  1 -6.51 -191 7 -8 imp:n=1
92  2 0.0871115 -192 191 7 -8  imp:n=1
93  3 -8 -193 192 7 -8  imp:n=1
94  4 -1.7 -194 8 -2   195  4 -1.7 -195 1 -8   196  1 -6.51 -196 7 -8 imp:n=1
97  2 0.0871115 -197 196 7 -8  imp:n=1
98  3 -8 -198 197 7 -8  imp:n=1
99  4 -1.7 -199 8 -2   200  4 -1.7 -200 1 -8   201  4 -0.10004 1 -2 3  -4 5 -6
        #21  #22  #23  #24  #25  #26  #27  #28  
        #29  #30  #31  #32  #33  #34  #35  #36  
        #37  #38  #39  #40  #41  #42  #43  #44  
        #45  #46  #47  #48  #49  #50  #51  #52  
        #53  #54  #55  #56  #57  #58  #59  #60  
        #61  #62  #63  #64  #65  #66  #67  #68  
        #69  #70  #71  #72  #73  #74  #75  #76  
        #77  #78  #79  #80  #81  #82  #83  #84  
        #85  #86  #87  #88  #89  #90  #91  #92  
        #93  #94  #95  #96  #97  #98  #99  #100  
        #101  #102  #103  #104  #105  #106  #107  #108  
        #109  #110  #111  #112  #113  #114  #115  #116  
        #117  #118  #119  #120  #121  #122  #123  #124  
        #125  #126  #127  #128  #129  #130  #131  #132  
        #133  #134  #135  #136  #137  #138  #139  #140  
        #141  #142  #143  #144  #145  #146  #147  #148  
        #149  #150  #151  #152  #153  #154  #155  #156  
        #157  #158  #159  #160  #161  #162  #163  #164  
        #165  #166  #167  #168  #169  #170  #171  #172  
        #173  #174  #175  #176  #177  #178  #179  #180  
        #181  #182  #183  #184  #185  #186  #187  #188  
        #189  #190  #191  #192  #193  #194  #195  #196  
        #197  #198  #199  #200  imp:n=1
202  0 -1:2:-3:4:-5:6 imp:n=0

c  SURFACE CARDS
1  PZ -40 
2  PZ 40 
3  PX -36.4503 
4  PX 36.4503 
5  PY -26.9812 
6  PY 19.2723 
7  PZ -17.78 
8  PZ 17.78 
9  PZ 0 
21  C/Z 7.025 56.9272 0.3175 
22  C/Z 7.025 56.9272 1.7412 
23  C/Z 7.025 56.9272 1.7919 
24  C/Z 7.025 56.9272 1.7919 
25  C/Z 7.025 56.9272 1.7919 
26  C/Z 2.975 56.9272 0.3175 
27  C/Z 2.975 56.9272 1.7412 
28  C/Z 2.975 56.9272 1.7919 
29  C/Z 2.975 56.9272 1.7919 
30  C/Z 2.975 56.9272 1.7919 
31  C/Z 2.975 53.0728 0.3175 
32  C/Z 2.975 53.0728 1.7412 
33  C/Z 2.975 53.0728 1.7919 
34  C/Z 2.975 53.0728 1.7919 
35  C/Z 2.975 53.0728 1.7919 
36  C/Z 7.025 53.0728 0.3175 
37  C/Z 7.025 53.0728 1.7412 
38  C/Z 7.025 53.0728 1.7919 
39  C/Z 7.025 53.0728 1.7919 
40  C/Z 7.025 53.0728 1.7919 
41  C/Z 17.025 56.9272 0.3175 
42  C/Z 17.025 56.9272 1.7412 
43  C/Z 17.025 56.9272 1.7919 
44  C/Z 17.025 56.9272 1.7919 
45  C/Z 17.025 56.9272 1.7919 
46  C/Z 12.975 56.9272 0.3175 
47  C/Z 12.975 56.9272 1.7412 
48  C/Z 12.975 56.9272 1.7919 
49  C/Z 12.975 56.9272 1.7919 
50  C/Z 12.975 56.9272 1.7919 
51  C/Z 12.975 53.0728 0.3175 
52  C/Z 12.975 53.0728 1.7412 
53  C/Z 12.975 53.0728 1.7919 
54  C/Z 12.975 53.0728 1.7919 
55  C/Z 12.975 53.0728 1.7919 
56  C/Z 17.025 53.0728 0.3175 
57  C/Z 17.025 53.0728 1.7412 
58  C/Z 17.025 53.0728 1.7919 
59  C/Z 17.025 53.0728 1.7919 
60  C/Z 17.025 53.0728 1.7919 
61  C/Z 27.025 56.9272 0.3175 
62  C/Z 27.025 56.9272 1.7412 
63  C/Z 27.025 56.9272 1.7919 
64  C/Z 27.025 56.9272 1.7919 
65  C/Z 27.025 56.9272 1.7919 
66  C/Z 22.975 56.9272 0.3175 
67  C/Z 22.975 56.9272 1.7412 
68  C/Z 22.975 56.9272 1.7919 
69  C/Z 22.975 56.9272 1.7919 
70  C/Z 22.975 56.9272 1.7919 
71  C/Z 22.975 53.0728 0.3175 
72  C/Z 22.975 53.0728 1.7412 
73  C/Z 22.975 53.0728 1.7919 
74  C/Z 22.975 53.0728 1.7919 
75  C/Z 22.975 53.0728 1.7919 
76  C/Z 27.025 53.0728 0.3175 
77  C/Z 27.025 53.0728 1.7412 
78  C/Z 27.025 53.0728 1.7919 
79  C/Z 27.025 53.0728 1.7919 
80  C/Z 27.025 53.0728 1.7919 
81  C/Z 37.025 56.9272 0.3175 
82  C/Z 37.025 56.9272 1.7412 
83  C/Z 37.025 56.9272 1.7919 
84  C/Z 37.025 56.9272 1.7919 
85  C/Z 37.025 56.9272 1.7919 
86  C/Z 32.975 56.9272 0.3175 
87  C/Z 32.975 56.9272 1.7412 
88  C/Z 32.975 56.9272 1.7919 
89  C/Z 32.975 56.9272 1.7919 
90  C/Z 32.975 56.9272 1.7919 
91  C/Z 32.975 53.0728 0.3175 
92  C/Z 32.975 53.0728 1.7412 
93  C/Z 32.975 53.0728 1.7919 
94  C/Z 32.975 53.0728 1.7919 
95  C/Z 32.975 53.0728 1.7919 
96  C/Z 37.025 53.0728 0.3175 
97  C/Z 37.025 53.0728 1.7412 
98  C/Z 37.025 53.0728 1.7919 
99  C/Z 37.025 53.0728 1.7919 
100  C/Z 37.025 53.0728 1.7919 
101  C/Z 47.025 56.9272 0.3175 
102  C/Z 47.025 56.9272 1.7412 
103  C/Z 47.025 56.9272 1.7919 
104  C/Z 47.025 56.9272 1.7919 
105  C/Z 47.025 56.9272 1.7919 
106  C/Z 42.975 56.9272 0.3175 
107  C/Z 42.975 56.9272 1.7412 
108  C/Z 42.975 56.9272 1.7919 
109  C/Z 42.975 56.9272 1.7919 
110  C/Z 42.975 56.9272 1.7919 
111  C/Z 42.975 53.0728 0.3175 
112  C/Z 42.975 53.0728 1.7412 
113  C/Z 42.975 53.0728 1.7919 
114  C/Z 42.975 53.0728 1.7919 
115  C/Z 42.975 53.0728 1.7919 
116  C/Z 47.025 53.0728 0.3175 
117  C/Z 47.025 53.0728 1.7412 
118  C/Z 47.025 53.0728 1.7919 
119  C/Z 47.025 53.0728 1.7919 
120  C/Z 47.025 53.0728 1.7919 
121  C/Z 57.025 56.9272 0.3175 
122  C/Z 57.025 56.9272 1.7412 
123  C/Z 57.025 56.9272 1.7919 
124  C/Z 57.025 56.9272 1.7919 
125  C/Z 57.025 56.9272 1.7919 
126  C/Z 52.975 56.9272 0.3175 
127  C/Z 52.975 56.9272 1.7412 
128  C/Z 52.975 56.9272 1.7919 
129  C/Z 52.975 56.9272 1.7919 
130  C/Z 52.975 56.9272 1.7919 
131  C/Z 52.975 53.0728 0.3175 
132  C/Z 52.975 53.0728 1.7412 
133  C/Z 52.975 53.0728 1.7919 
134  C/Z 52.975 53.0728 1.7919 
135  C/Z 52.975 53.0728 1.7919 
136  C/Z 57.025 53.0728 0.3175 
137  C/Z 57.025 53.0728 1.7412 
138  C/Z 57.025 53.0728 1.7919 
139  C/Z 57.025 53.0728 1.7919 
140  C/Z 57.025 53.0728 1.7919 
141  C/Z 67.025 56.9272 0.3175 
142  C/Z 67.025 56.9272 1.7412 
143  C/Z 67.025 56.9272 1.7919 
144  C/Z 67.025 56.9272 1.7919 
145  C/Z 67.025 56.9272 1.7919 
146  C/Z 62.975 56.9272 0.3175 
147  C/Z 62.975 56.9272 1.7412 
148  C/Z 62.975 56.9272 1.7919 
149  C/Z 62.975 56.9272 1.7919 
150  C/Z 62.975 56.9272 1.7919 
151  C/Z 62.975 53.0728 0.3175 
152  C/Z 62.975 53.0728 1.7412 
153  C/Z 62.975 53.0728 1.7919 
154  C/Z 62.975 53.0728 1.7919 
155  C/Z 62.975 53.0728 1.7919 
156  C/Z 67.025 53.0728 0.3175 
157  C/Z 67.025 53.0728 1.7412 
158  C/Z 67.025 53.0728 1.7919 
159  C/Z 67.025 53.0728 1.7919 
160  C/Z 67.025 53.0728 1.7919 
161  C/Z 77.025 56.9272 0.3175 
162  C/Z 77.025 56.9272 1.7412 
163  C/Z 77.025 56.9272 1.7919 
164  C/Z 77.025 56.9272 1.7919 
165  C/Z 77.025 56.9272 1.7919 
166  C/Z 72.975 56.9272 0.3175 
167  C/Z 72.975 56.9272 1.7412 
168  C/Z 72.975 56.9272 1.7919 
169  C/Z 72.975 56.9272 1.7919 
170  C/Z 72.975 56.9272 1.7919 
171  C/Z 72.975 53.0728 0.3175 
172  C/Z 72.975 53.0728 1.7412 
173  C/Z 72.975 53.0728 1.7919 
174  C/Z 72.975 53.0728 1.7919 
175  C/Z 72.975 53.0728 1.7919 
176  C/Z 77.025 53.0728 0.3175 
177  C/Z 77.025 53.0728 1.7412 
178  C/Z 77.025 53.0728 1.7919 
179  C/Z 77.025 53.0728 1.7919 
180  C/Z 77.025 53.0728 1.7919 
181  C/Z 87.025 56.9272 0.3175 
182  C/Z 87.025 56.9272 1.7412 
183  C/Z 87.025 56.9272 1.7919 
184  C/Z 87.025 56.9272 1.7919 
185  C/Z 87.025 56.9272 1.7919 
186  C/Z 82.975 56.9272 0.3175 
187  C/Z 82.975 56.9272 1.7412 
188  C/Z 82.975 56.9272 1.7919 
189  C/Z 82.975 56.9272 1.7919 
190  C/Z 82.975 56.9272 1.7919 
191  C/Z 82.975 53.0728 0.3175 
192  C/Z 82.975 53.0728 1.7412 
193  C/Z 82.975 53.0728 1.7919 
194  C/Z 82.975 53.0728 1.7919 
195  C/Z 82.975 53.0728 1.7919 
196  C/Z 87.025 53.0728 0.3175 
197  C/Z 87.025 53.0728 1.7412 
198  C/Z 87.025 53.0728 1.7919 
199  C/Z 87.025 53.0728 1.7919 
200  C/Z 87.025 53.0728 1.7919 


c  ***** Zirconium Rod *****
c       Density: 6.51 g/cc (.01296)
m1      40000.58c  4.2960E-2
c fresh fuel 
m2      92234.71c  -8.71115E-02
        1001.71c  -1.15274E-02
        6000.71c  -3.63840E-03
        72000.60c  -3.87476E-05
mt2  h/zr.14t  zr/h.14t
c  ***** SS-304,SS-304L (with ENDF-VI) *****
c        Density: -8.0
m3  6000.70c -0.000300   14028.70c -0.004594   14029.70c -0.000241
        14030.70c -0.000165   15031.70c -0.000225  16032.70c -0.000142
        16033.70c -0.000001   16034.70c -0.000007   
        24050.70c -0.007930   24052.70c -0.159031  24053.70c -0.018378
        24054.70c -0.004661   25055.70c -0.010000  26054.70c -0.039996
        26056.70c -0.644764   26057.70c -0.015026  26058.70c -0.002039
        28058.70c -0.062340   28060.70c -0.024654  28061.70c -0.001085
        28062.70c -0.003504   28064.70c -0.000917
c
c
c  ***** Light Water *******
c        Density: 0.10004 g/cc  
m4      1001.70c  6.6691E-2
            8016.70c  3.3346E-2
mt4     lwtr.10t
c
c
c  ***** Graphite **********
c        Density: 1.7 g/cc (8.5210E-2)
m5      6000.70c  8.5210E-2
mt5     grph.60t
c +++++++++++++++++++++ Problem Specifics/Physics +++++++++++++++++++++++++++++
mode  n  
kcode 100 1.0 50 200
ksrc  0 -25.0 0
c
