TESTING TRIGA CORE
   21  5 -0.10004 -21 1 -2 imp:n=1 
   22  7 -2.7 -22 21 1 -2 imp:n=1 
   23  1 -6.51 -23 7 -8 imp:n=1
   24  2 0.0871115 -24 23 7 -8  imp:n=1
   25  3 -8 -25 24 1 -2  imp:n=1
   26  4 -1.7 -24 8 -2 imp:n=1
   27  4 -1.7 -24 1 -7 imp:n=1
   28  1 -6.51 -26 7 -8 imp:n=1
   29  2 0.0871115 -27 26 7 -8  imp:n=1
   30  3 -8 -28 27 1 -2  imp:n=1
   31  4 -1.7 -27 8 -2 imp:n=1
   32  4 -1.7 -27 1 -7 imp:n=1
   33  1 -6.51 -29 7 -8 imp:n=1
   34  2 0.0871115 -30 29 7 -8  imp:n=1
   35  3 -8 -31 30 1 -2  imp:n=1
   36  4 -1.7 -30 8 -2 imp:n=1
   37  4 -1.7 -30 1 -7 imp:n=1
   38  4 -1.7 -32 9 -2 imp:n=1 
   39  6 1e-05 -32 1 -9 imp:n=1 
   40  3 -8 -33 32 1 -2 imp:n=1 
   41  4 -1.7 -34 1 -2 imp:n=1
   42  5 -0.10004 -35 1 -2 imp:n=1 
   43  4 -1.7 -36 35 1 -2 imp:n=1 
   44  7 -2.7 -37 36 1 -2 imp:n=1 
   45  6 1e-05 -38 10 -2 imp:n=1 
   46  6 1e-05 -39 38 10 -2 imp:n=1 
   47  4 -1.7 -40 39 1 -2 imp:n=1 
   48  7 -2.7 -41 40 1 -2 imp:n=1 
   49  6 1e-05 -42 1 -2 imp:n=1 
   50  7 -2.7 -43 42 1 -2 imp:n=1 
   51  5 -0.10004 -44 43 1 -2 imp:n=1 
   52  6 1e-05 -45 1 -2 imp:n=1 
   53  7 -2.7 -46 45 1 -2 imp:n=1 
   54  6 1e-05 -47 1 -2 imp:n=1 
   55  7 -2.7 -48 47 1 -2 imp:n=1 
   56  5 -0.10004 -49 48 46 1 -2 imp:n=1 
   57  1 -6.51 -50 7 -8 imp:n=1
   58  2 0.0871115 -51 50 7 -8  imp:n=1
   59  3 -8 -52 51 1 -2  imp:n=1
   60  4 -1.7 -51 8 -2 imp:n=1
   61  4 -1.7 -51 1 -7 imp:n=1
   62  1 -6.51 -53 7 -8 imp:n=1
   63  2 0.0871115 -54 53 7 -8  imp:n=1
   64  3 -8 -55 54 1 -2  imp:n=1
   65  4 -1.7 -54 8 -2 imp:n=1
   66  4 -1.7 -54 1 -7 imp:n=1
   67  1 -6.51 -56 7 -8 imp:n=1
   68  2 0.0871115 -57 56 7 -8  imp:n=1
   69  3 -8 -58 57 1 -2  imp:n=1
   70  4 -1.7 -57 8 -2 imp:n=1
   71  4 -1.7 -57 1 -7 imp:n=1
   72  1 -6.51 -59 1 -9 imp:n=1 
   73  2 0.0871115 -60 59 1 -9 imp:n=1 
   74  3 -8 -61 60 1 -2 imp:n=1 
   75  4 -1.7 -60 9 -2 imp:n=1 
   76  4 -1.7 -62 9 -2 imp:n=1 
   77  5 -0.10004 -62 1 -9 imp:n=1 
   78  3 -8 -63 62 1 -2 imp:n=1 
   79  1 -6.51 -64 7 -8 imp:n=1
   80  2 0.0871115 -65 64 7 -8  imp:n=1
   81  3 -8 -66 65 1 -2  imp:n=1
   82  4 -1.7 -65 8 -2 imp:n=1
   83  4 -1.7 -65 1 -7 imp:n=1
   84  1 -6.51 -67 7 -8 imp:n=1
   85  2 0.0871115 -68 67 7 -8  imp:n=1
   86  3 -8 -69 68 1 -2  imp:n=1
   87  4 -1.7 -68 8 -2 imp:n=1
   88  4 -1.7 -68 1 -7 imp:n=1
   89  1 -6.51 -70 7 -8 imp:n=1
   90  2 0.0871115 -71 70 7 -8  imp:n=1
   91  3 -8 -72 71 1 -2  imp:n=1
   92  4 -1.7 -71 8 -2 imp:n=1
   93  4 -1.7 -71 1 -7 imp:n=1
   94  1 -6.51 -73 7 -8 imp:n=1
   95  2 0.0871115 -74 73 7 -8  imp:n=1
   96  3 -8 -75 74 1 -2  imp:n=1
   97  4 -1.7 -74 8 -2 imp:n=1
   98  4 -1.7 -74 1 -7 imp:n=1
   99  1 -6.51 -76 7 -8 imp:n=1
  100  2 0.0871115 -77 76 7 -8  imp:n=1
  101  3 -8 -78 77 1 -2  imp:n=1
  102  4 -1.7 -77 8 -2 imp:n=1
  103  4 -1.7 -77 1 -7 imp:n=1
  104  1 -6.51 -79 7 -8 imp:n=1
  105  2 0.0871115 -80 79 7 -8  imp:n=1
  106  3 -8 -81 80 1 -2  imp:n=1
  107  4 -1.7 -80 8 -2 imp:n=1
  108  4 -1.7 -80 1 -7 imp:n=1
  109  1 -6.51 -82 7 -8 imp:n=1
  110  2 0.0871115 -83 82 7 -8  imp:n=1
  111  3 -8 -84 83 1 -2  imp:n=1
  112  4 -1.7 -83 8 -2 imp:n=1
  113  4 -1.7 -83 1 -7 imp:n=1
  114  5 -0.10004 1 -2 3  -4 5 -6
        #21  #22  #23  #24  #25  #26  #27  #28  
        #29  #30  #31  #32  #33  #34  #35  #36  
        #37  #38  #39  #40  #41  #42  #43  #44  
        #45  #46  #47  #48  #49  #50  #51  #52  
        #53  #54  #55  #56  #57  #58  #59  #60  
        #61  #62  #63  #64  #65  #66  #67  #68  
        #69  #70  #71  #72  #73  #74  #75  #76  
        #77  #78  #79  #80  #81  #82  #83  #84  
        #85  #86  #87  #88  #89  #90  #91  #92  
        #93  #94  #95  #96  #97  #98  #99  #100  
        #101  #102  #103  #104  #105  #106  #107  #108  
        #109  #110  #111  #112  #113  imp:n=1
  115  0 -1:2:-3:4:-5:6 imp:n=0

