    1  PZ -40 
    2  PZ 40 
    3  PX -10 
    4  PX 82.9005 
    5  PY -10 
    6  PY 56.2534 
    7  PZ -17.78 
    8  PZ 17.78 
    9  PZ 0 
   10  PZ -0.4 
   21  C/Z 4.05003 3.85445 3.05 
   22  RPP 3e-05 8.10003 5e-05 7.70885 -40 40 
   23  C/Z 2.02503 13.4905 0.3175 
   24  C/Z 2.02503 13.4905 1.7412 
   25  C/Z 2.02503 13.4905 1.7919 
   26  C/Z 6.07503 13.4905 0.3175 
   27  C/Z 6.07503 13.4905 1.7412 
   28  C/Z 6.07503 13.4905 1.7919 
   29  C/Z 6.07503 9.63615 0.3175 
   30  C/Z 6.07503 9.63615 1.7412 
   31  C/Z 6.07503 9.63615 1.7919 
   32  C/Z 2.02503 9.63615 1.7412 
   33  C/Z 2.02503 9.63615 1.7919 
   34  RPP 3e-05 8.10003 15.4179 23.1266 -40 40 
   35  C/Z 12.1501 3.85445 3.175 
   36  RPP 8.42509 15.8751 0.32505 7.38385 -40 40 
   37  RPP 8.10009 16.2001 5e-05 7.70885 -40 40 
   38  C/Z 12.1501 11.5634 1.58 
   39  C/Z 12.1501 11.5634 1.905 
   40  RPP 9.96009 14.3401 8.34395 14.7828 -40 40 
   41  RPP 8.10009 16.2001 7.70895 15.4178 -40 40 
   42  C/Z 12.1501 19.2723 1.58 
   43  C/Z 12.1501 19.2723 1.905 
   44  RPP 8.10009 16.2001 15.4179 23.1266 -40 40 
   45  C/Z 22.2502 3.85445 0.885 
   46  C/Z 22.2502 3.85445 0.95 
   47  C/Z 18.2502 3.85445 1.225 
   48  C/Z 18.2502 3.85445 1.3 
   49  RPP 16.2002 24.3002 5e-05 7.70885 -40 40 
   50  C/Z 18.2252 13.4905 0.3175 
   51  C/Z 18.2252 13.4905 1.7412 
   52  C/Z 18.2252 13.4905 1.7919 
   53  C/Z 22.2752 13.4905 0.3175 
   54  C/Z 22.2752 13.4905 1.7412 
   55  C/Z 22.2752 13.4905 1.7919 
   56  C/Z 22.2752 9.63615 0.3175 
   57  C/Z 22.2752 9.63615 1.7412 
   58  C/Z 22.2752 9.63615 1.7919 
   59  C/Z 18.2252 9.63615 0.3175 
   60  C/Z 18.2252 9.63615 1.7412 
   61  C/Z 18.2252 9.63615 1.7919 
   62  C/Z 18.2252 17.3451 1.7412 
   63  C/Z 18.2252 17.3451 1.7919 
   64  C/Z 22.2752 21.1994 0.3175 
   65  C/Z 22.2752 21.1994 1.7412 
   66  C/Z 22.2752 21.1994 1.7919 
   67  C/Z 22.2752 17.3451 0.3175 
   68  C/Z 22.2752 17.3451 1.7412 
   69  C/Z 22.2752 17.3451 1.7919 
   70  C/Z 18.2252 21.1994 0.3175 
   71  C/Z 18.2252 21.1994 1.7412 
   72  C/Z 18.2252 21.1994 1.7919 
   73  C/Z 30.3752 5.78165 0.3175 
   74  C/Z 30.3752 5.78165 1.7412 
   75  C/Z 30.3752 5.78165 1.7919 
   76  C/Z 26.3252 5.78165 0.3175 
   77  C/Z 26.3252 5.78165 1.7412 
   78  C/Z 26.3252 5.78165 1.7919 
   79  C/Z 26.3252 1.92725 0.3175 
   80  C/Z 26.3252 1.92725 1.7412 
   81  C/Z 26.3252 1.92725 1.7919 
   82  C/Z 30.3752 1.92725 0.3175 
   83  C/Z 30.3752 1.92725 1.7412 
   84  C/Z 30.3752 1.92725 1.7919 

